0 -0.000321055
0.04 0.000386364
0.08 0.00203925
0.12 0.00364147
0.16 0.00615314
0.2 0.00860866
0.24 0.0118986
0.28 0.0149364
0.32 0.0193695
0.36 0.0238301
0.4 0.0291751
0.44 0.0346916
0.48 0.0409058
0.52 0.0471352
0.56 0.0538218
0.6 0.0606207
0.64 0.0677944
0.68 0.0755254
0.72 0.083918
0.76 0.0936625
0.8 0.102341
0.84 0.112825
0.88 0.123225
0.92 0.133602
0.96 0.145882
1 0.157584
1.04 0.169279
1.08 0.179887
1.12 0.190807
1.16 0.202
1.2 0.215037
1.24 0.231075
1.28 0.25018
1.32 0.266785
1.36 0.281412
1.4 0.2961
1.44 0.310456
1.48 0.323918
1.52 0.34265
1.56 0.361364
1.6 0.378167
1.64 0.396759
1.68 0.415109
1.72 0.435944
1.76 0.454558
1.8 0.473995
1.84 0.493456
1.88 0.513554
1.92 0.531263
1.96 0.552768
2 0.572911
